-2.125083491295628735e-01
-1.781426801164741891e-01
-1.642141958712827199e-01
-1.608364184650920292e-01
-1.590894582509141675e-01
-1.570350594360201135e-01
-1.522436039905300242e-01
-1.480356222492880958e-01
-1.473339036359287146e-01
-1.279233997400571754e-01
-1.240197760614498435e-01
-1.229247583318691522e-01
-1.219075656430448074e-01
-1.212665971114932489e-01
-1.207482659173468725e-01
-1.190384823057885899e-01
-1.172188498303121662e-01
-1.159804984713112136e-01
-1.142132230207526800e-01
-1.134679318743817278e-01
-1.134362263707741764e-01
-1.122780058603076031e-01
-1.109302185891292980e-01
-1.104142456826892743e-01
-1.093001738846338805e-01
-1.066917249332948875e-01
-1.060097748497034198e-01
-1.019965443784063841e-01
-1.010335635472383309e-01
-1.010114996182059494e-01
-1.007431771815201077e-01
-9.933741266939548342e-02
-9.782036265941816688e-02
-9.715243598793615876e-02
-9.694132370761268658e-02
-9.684700349194994007e-02
-9.672635401577947545e-02
-9.655618957625372589e-02
-9.639112878294540943e-02
-9.610721830605784000e-02
-9.404350118391234525e-02
-9.343029555207139902e-02
-9.204976828445973758e-02
-9.111045809911851034e-02
-9.106269990367207856e-02
-9.091321788598442921e-02
-8.716246863137312728e-02
-8.646446690856528228e-02
-8.583707606439477944e-02
-8.473071304824444927e-02
-8.444473229387597368e-02
-8.403788922075210166e-02
-8.364632092094334559e-02
-8.361996330056847837e-02
-8.354614188415711296e-02
-8.331442615972156629e-02
-8.331442615972156629e-02
-8.294723908785187061e-02
-8.194295168150593500e-02
-8.138220847194842233e-02
-8.026700458096207302e-02
-7.865150940293350046e-02
-7.862901997823364131e-02
-7.796993526170525879e-02
-7.701193292352055686e-02
-7.652923306239108048e-02
-7.522268413772900675e-02
-7.417185705689501030e-02
-7.413037330660345037e-02
-7.407219176983130537e-02
-7.287824091115574499e-02
-7.284475251614858093e-02
-7.264012028231182916e-02
-7.249875644313971690e-02
-7.230315334093677382e-02
-7.161375460454313946e-02
-7.082390821093713373e-02
-7.057214809227142782e-02
-7.004414142297615831e-02
-6.906817488954362927e-02
-6.868957124121495561e-02
-6.821891414567897438e-02
-6.807315355697933501e-02
-6.753482479054616350e-02
-6.643073581288357066e-02
-6.616182191009414848e-02
-6.590518902085727715e-02
-6.533190613310327355e-02
-6.514668421998329184e-02
-6.406754843110833153e-02
-6.398995314117195132e-02
-6.396135263585288333e-02
-6.318672561503550777e-02
-6.298982753769247211e-02
-6.275194590366585390e-02
-6.244635471900134016e-02
-6.110084476108942897e-02
-6.037412612060966133e-02
-6.029101265424444828e-02
-5.965349802774477100e-02
-5.908423969102177126e-02
-5.829547876565076281e-02
-5.765150027137221772e-02
-5.716342684553152309e-02
-5.562923234116663035e-02
-5.560068894707283910e-02
-5.460281824377384574e-02
-5.220389225155511181e-02
-5.173450360468988957e-02
-5.164776608623709159e-02
-5.130346785295845230e-02
-5.123037538520850559e-02
-5.107691529811301395e-02
-4.972161772469087943e-02
-4.735405873986358455e-02
-4.708326684888015229e-02
-4.617130708395851546e-02
-4.605200459472835045e-02
-4.599299182634049299e-02
-4.543428894432293558e-02
-4.505699469282987285e-02
-4.458952150437948958e-02
-4.441844336877718430e-02
-4.400107136073040659e-02
-4.399030569984203193e-02
-4.365726956004096354e-02
-4.285523937235941744e-02
-4.285090117755783329e-02
-4.256531110956407460e-02
-4.233458935131541312e-02
-4.189107444263837077e-02
-4.171624169310354791e-02
-4.138725826780317169e-02
-4.112984274557820313e-02
-4.112638708978784419e-02
-4.022174716861434685e-02
-4.018439714366687371e-02
-4.017496125022454456e-02
-4.009603124215045666e-02
-3.995039018594999380e-02
-3.845656008264253939e-02
-3.803586156181652800e-02
-3.794663303526047554e-02
-3.683101486136444030e-02
-3.669046236786221299e-02
-3.606058085809166897e-02
-3.582076736504122283e-02
-3.532208672039924974e-02
-3.487953387660417542e-02
-3.460705824576249673e-02
-3.420373076988172251e-02
-3.369046688193017697e-02
-3.350395250592456270e-02
-3.307740464609218445e-02
-3.262992711869149715e-02
-3.171479200214088329e-02
-3.060931554000693999e-02
-3.022006564631731645e-02
-2.992277167747470212e-02
-2.972533719998351337e-02
-2.942270680798463045e-02
-2.926507247431234249e-02
-2.926354668703757059e-02
-2.845196599903682469e-02
-2.823520232415200823e-02
-2.788981617621007908e-02
-2.737442772836803928e-02
-2.675299395726790305e-02
-2.674519045054254626e-02
-2.649027072710388384e-02
-2.622372684347869590e-02
-2.602941834964838178e-02
-2.421275050314542626e-02
-2.409803430558836099e-02
-2.407233225147037067e-02
-2.391534151809805026e-02
-2.388293296274468860e-02
-2.377751993155496207e-02
-2.375343916096509314e-02
-2.330386226932312441e-02
-2.247234922616637293e-02
-2.215816016824767240e-02
-2.169798124235691739e-02
-2.133374756722393115e-02
-2.125544207125837012e-02
-2.120978032176043873e-02
-2.071780236610205536e-02
-2.055370156726886444e-02
-2.044713108086245942e-02
-2.030562506080715174e-02
-1.994422790927328007e-02
-1.991756241561216598e-02
-1.989733970919531358e-02
-1.972027785311077433e-02
-1.958799649911485002e-02
-1.932181198867551422e-02
-1.762815086713733284e-02
-1.672499612483248355e-02
-1.668798228322600219e-02
-1.615253160888716066e-02
-1.567695431489988731e-02
-1.567578049432100454e-02
-1.533643606901915687e-02
-1.496991852053970729e-02
-1.458701052947083618e-02
-1.457837701511034527e-02
-1.381325650107189697e-02
-1.331782688148651014e-02
-1.318156323479911275e-02
-1.281644940214179788e-02
-1.263813476044896474e-02
-1.175613265551986655e-02
-9.759060411528111892e-03
-9.199339597416958739e-03
-9.003047709754474076e-03
-8.589873305665523748e-03
-7.021448688677431500e-03
-6.298633812360199605e-03
-6.013792364516077488e-03
-5.875351616904096394e-03
-5.014058501328047708e-03
-4.632115970428832795e-03
-4.396358002934605200e-03
-4.332512318690161235e-03
-4.143878964710985720e-03
-3.770770467941343337e-03
-5.985672285116994075e-04
-3.896440694649236933e-04
-3.161478260694916944e-04
-0.000000000000000000e+00
-0.000000000000000000e+00
0.000000000000000000e+00
0.000000000000000000e+00
-0.000000000000000000e+00
0.000000000000000000e+00
-0.000000000000000000e+00
-0.000000000000000000e+00
0.000000000000000000e+00
-0.000000000000000000e+00
-0.000000000000000000e+00
0.000000000000000000e+00
0.000000000000000000e+00
-0.000000000000000000e+00
0.000000000000000000e+00
-0.000000000000000000e+00
3.966074962308695933e-04
1.417707418681880653e-03
1.575642222061753679e-03
2.171564448101616970e-03
2.207511690176124693e-03
3.249587747858375883e-03
4.950546676340990271e-03
5.101724635975339421e-03
5.681111466986395707e-03
5.807546042406880327e-03
6.206784781113020531e-03
6.957506163862752814e-03
7.375682697951476720e-03
8.448946920743036215e-03
1.042691433260721501e-02
1.081310218004282245e-02
1.082741569557237916e-02
1.109577063136532073e-02
1.140445579710274923e-02
1.250798734836314381e-02
1.338854951378650772e-02
1.383748644634603259e-02
1.407588337140375408e-02
1.432804021810559457e-02
1.470372852510292393e-02
1.516158749444755649e-02
1.674375580991846815e-02
1.751637061522511724e-02
1.768649281274832508e-02
1.768949365106811319e-02
1.866132766926069386e-02
1.924836129065795459e-02
1.939903428205555849e-02
1.952682183361483664e-02
1.954450929766762476e-02
2.068354230255713827e-02
2.251660335015657349e-02
2.437550373977165688e-02
2.576656863510923615e-02
2.764228770474530875e-02
2.770180249408717155e-02
2.876323062733912930e-02
2.898854432403826301e-02
2.924852035183972410e-02
2.952431598774455865e-02
2.961475397375575372e-02
2.991624768725214059e-02
3.075878081022382499e-02
3.087007419264722191e-02
3.322271774972433700e-02
3.331406422893112840e-02
3.368336795612156959e-02
3.435568640142962205e-02
3.494420626926584422e-02
3.603279749325051518e-02
3.626305239086716897e-02
3.647980455665531668e-02
3.815888846195443496e-02
3.920627896437926807e-02
3.925842465816036658e-02
3.936447919021270059e-02
4.048566939125525233e-02
4.275441412117966800e-02
4.456379910742755412e-02
4.466400235463104107e-02
4.703843025840168807e-02
4.704313466937743576e-02
4.739535100801305773e-02
5.130041146633701477e-02
5.169860604479856181e-02
5.252798559918682442e-02
5.382423587389666836e-02
5.393347953457656302e-02
5.416736915983381279e-02
5.456591818476156514e-02
5.586642993331309565e-02
5.610801040175202037e-02
5.666700961019150579e-02
5.804079438880796471e-02
5.895011003533987687e-02
5.961122860380017180e-02
5.974385687065907058e-02
5.984132317134464168e-02
6.064326851389974238e-02
6.073911876676681837e-02
6.447355223164637217e-02
6.534264595618677340e-02
6.542432621171345719e-02
6.619437849909984295e-02
6.707457071838980600e-02
6.770360907259939665e-02
6.817321758391443887e-02
6.840921188419876731e-02
6.922772844090163691e-02
7.055524614355981883e-02
7.203338001023652792e-02
7.350162475429500297e-02
7.401739607887085348e-02
7.497282461043282276e-02
7.546281812197809524e-02
7.651037498015600402e-02
7.694479596031668367e-02
7.785086901670265624e-02
7.808002642417859185e-02
7.914458481418423785e-02
7.976987568434273923e-02
8.064175730466388581e-02
8.122774004368195355e-02
8.477711287556821684e-02
8.502001329074118652e-02
8.514030834991655194e-02
8.523428494096935149e-02
8.611122858202914510e-02
8.724060470443224802e-02
8.792087189359781840e-02
8.982654717107420306e-02
9.050880080882259260e-02
9.148715289387719662e-02
9.187968194828916024e-02
9.381554891536569851e-02
9.382742640645161392e-02
9.452111641308140466e-02
9.456894399042427291e-02
9.752936418376027816e-02
9.860419217507536416e-02
1.000490753356442636e-01
1.012833913301999095e-01
1.021714470367861005e-01
1.029328888026750377e-01
1.062405795788963492e-01
1.064057283721487751e-01
1.082355039670574171e-01
1.085907246582992758e-01
1.088751660217333050e-01
1.092840705506731708e-01
1.101047771050283897e-01
1.103063969703673292e-01
1.105147495911999178e-01
1.177082523034071598e-01
1.182536490338685214e-01
1.225924212630047638e-01
1.231171108517077617e-01
1.231253490297882364e-01
1.243974574311513676e-01
1.258009368309241371e-01
1.289650231831721838e-01
1.316484430774413905e-01
1.339309885442017956e-01
1.351987904930951057e-01
1.365232146168234295e-01
1.385750505966703849e-01
1.392864036782427151e-01
1.406473279076059235e-01
1.418106282188623390e-01
1.541406913715652194e-01
1.556077841235628811e-01
1.581468429543737564e-01
1.584882588910595247e-01
1.671125994405829041e-01
1.714643981085612889e-01
1.736658946866657949e-01
1.789873512745938089e-01
1.812334452319961375e-01
1.911070330349360635e-01
1.941282235283122160e-01
2.002348402639054781e-01
2.063671710332647680e-01
2.076647449619762331e-01
2.083424396846095539e-01
2.124739624343165434e-01
2.128340890202338465e-01
2.229079309635579598e-01
2.236354505446829510e-01
2.478766782909292699e-01
2.525257630510983065e-01
2.631276400664483983e-01
2.634022493083063576e-01
2.639444575331624798e-01
2.893334159215615320e-01
3.037009430644363461e-01
3.169736232931634756e-01
3.309216086029876935e-01
3.384631736206607511e-01
3.600916599625050840e-01
3.692883480285674147e-01
3.772452316030542319e-01
3.808950896089504101e-01
4.388170136492905993e-01
5.451373355123726450e-01
5.865090891355627667e-01
